A*

11111 1ετ1ε1 11ε11ε 1111111 diaria 111, 11 trienni et 11111 11111611 111) 11111 1111111111 isicii),
1111111111 1111111 111 1111 1111111181111111111 111 twegen 11111 61111111 111611111111111111
συνεδρίου μετεῖχε τῶν Ῥωμαιων 111, 9.) 111111111111111111111111111111 11 111 1111111) 1111 111 11111
1111 11 111111 11111, 11111111111111111111111ε1ε111111111, 1111 11111 111111 111 111111 1111111
11111 11111111) 1111111111. 1111 111 11111111, 11 111111111111111111111111111111111111111111
eine 1111111111 1111111, mit 1ε1ι 1111111111 1111111), 111 11ε1ετ 11111111 1111111 111 1111111111 111 1111,
11111111 1ε1 311111 111111, 1. 1. 111111111111111111 11111 1111111111 1111111111111111111111111111
1111111111, 111 jener. 11 111 1111111111 11 &tit 1ε1 11111111 11111111 &titiis (opusc. philol.
'crit p. 102111), 11118111111111ε1 1ε1 811111, 111 11111111 111 11111111111111111111ε1 111 11111111
111 &tage 1111 11611111 111 111111111111111, 1111 111 &inmittit 111 11111111 (111, 8) 11 &dmi 11
11111111, 111) 111111 11 1111111111, 1111111111 111 1111111111. 11-1711111 1111111111, ii,
p. 14. 111 1111111111111111111ε; 1111111111 1111 1111111 11111 1111111111, 11111111111111
111111111111311111111111111111111111111111111111111111 1111111111111111111111111111111111111111
11111111111111 111111 flagicii> bitinacium, 1111ε111111111111111ε11111111111111111111111111111111, 11,
111111 1111 11 11111111111111111, 111111111111111111111111111 111111111111111111111111 1111111111
1ε1 11111111, 11 111 eben 11111111111111 1111111) 111 1111111111 111 111 1111111111 11111111 11111111,
1111111 111 111111 1111) 111111 111111 1111. &o 111118. 11111111111111111111111111111111 61111,
111111 111 1111111121, 1101111, 11111 111 1ε11111 1111111111, 11111 111111 111111 1111111111
11111111, 1111 1111111111 1111111111 111 111111 111, 111 1ε11111ε111111111111111111 11111111 111,
1111111 11111 ετ ε1 11111 111 1111111111 1111111111, 11ε111111111111111111111111111111111118111111
111) 1111111111 1111111, 1111111 11111111 111 11111 11111111111111 1111111111111111111 11111
1111111111 11111. . . ’

1111 1111 111111 1111111111 111 111 2. 11111111 111111 11111111 1111111111111111111 111,
111111111111111111 111ε111311111111 111 11111111 12, 71 ego, praeterquam quod nihil haustum
ex vano velim. . . . Fabium aequalem hujusce belli potissimum 1111111111 habui. 6111111111)
1ε1111ε1, 11111111 fid) 1111 1111111 11111111 1111, 11111 1111111 111 111111111111 &inne 11 1111111,
1111 1111 111 1111111111 111 {ange 11111111 111, 1111111111 111 111111 1111111 iu 1ε11, 1111111111111
111111, 11111111 1111111, 11111111 11 1111, 1111111111 1111111 111 111 1111 11111 1111ε1ι 1111111111
1111111111, 111 1111111111 1ε1 1111111111111111 11 1111, 111111, 111111111111111111, 111 11111111
811111 1111111111 1111111111 1111111. 31111111 11111111 1111 1111111111 1111111111 1ε1 111111 11111111,
111111 11 1111 &telle 1111111111111 bellum 1111, 111111 1111 1111 111111 111111 1111, 1111111
11111111111111111, 1111111 111111 1111111111 111 3111111111 Qec! 111 111 1111111111 11111 11ε 1111
1111111 111, 1111111ε111ε11111111. 1111111, bet 1111111 1111111 111, (nv. 31111111111111111111111
11111111 1111111111111111111111.1 11111111. 2111111111111 111 1111111111111111111111. 3111111814.
p. 78) 1111, 111111 11ε1 111 1111 3111111111111ς 111111-11111111111111111 1111211111, 11111111 111
11 111 ,11111111111111 mit 1111 11111111ε1ε11111ε1811111 11111111) 1111 111111111111111 111111
1111111111 11 11111 61111111 1111111 &iiten 11111111 1111111111, flagicii> 1111111 (1111111111 1ε1
811111 11 1811111 111111 1111111111 18111111 111811111 111111 111111 2. 11111111 1111111 1ε11 11111
11111111 111111 11116111111111111111111111 11 11111 ετ 11111 11111 111111111111111, 1111111
acies, 1111 clades, obet pugna, 111 proelium 1111111 11111. 3111111 111111, 11111111 1111 11111111
111 1111111111 1111111· 111 1111111111111111111 1111111111, 1111111 uidit 1111111111, 111111311111 111,
11 1111111111 111 11111 1111111, 1111 11111111 111111 1111111 111111 1111111111 1111, 1111111111
111111 1111111 1111111111 1111111111111111 11111 11 11111 1111111. 111111 1111111 1111111111 11,
1. 15 1111, 111 uidit angegeben 111111 tinne, 11 quem annum Fabius historiam continuaverit et
quousque Livius 11 usus sit, 11 111111 1111 11111111 11111 11111 11111 11111111112111111111
,11111111 1111111111 111 1111111111111111111, 1111111111 1,,111 (1111111111111111111111111 1855
p. 35), 1111111111, 111111111111111, bet L Vll 11 bello Annib. c. 27 11111 1161111111 111
11111 11611111111111111 11 111 otum 11 &ciphi 1111111 111 11111111 τόν 11111111111111
τῶν 1111111111, 11111111111111111111111111111111 11 1111111111. Db 1111111 1ε1 811111 11111111

 

