Ι0

130, 030 33030 0 330 3313000330 000303 30 031. vu„ 9 030 003 &ube 0330 0300 000 26, 8
30 0003300 0003 3303 000 3800 30 03003 033030. 30 0030 30 3830303330 333 03033, 30
330 &enat 330 330 0303000 03001330 033 330 033330 30 0033 03330 3000330 303 33003030
0033030000 030 0333303300 30 (33033 im 030333 0003030 00330 met, 033003 ste 30 031. lx„ 3
330 03000310 00300 003 330300 033333 333330 0300 30 0. 26, 10 0300031 3000 03033, 30
033 IX„ 3 4000300 330 3000 000300 330 30 03331 0ἰο 0300 33303000 0300 30 3000οΧΙο 33
0). &cipio 333 0ῑο33 03300 333 003000 330 00. 03000 003030, 30 30. 28. 38 330 0. 0303333
303 3. 00000 003033 333 030 33000330 0300 30 00. 30, 25 0300, 033330 030 330 030030

’ 30 3030000003 03303330 003330 ist, 003 (0300330330 0333 0303303 0300, 333 3000003300 30

33οἰ0330 03030 330 0300 330 03030 00030300 ist, 0333303 300333 0000303330 30 031. XV„ 1
30 ,0303300 00030300 330 330 03033 333 00300οἰ00033 333 333 333 0000333000 00003030
30 0033033330030030 3000000 00.

00 330 300 0003 0003303300, 0 ist 0003 3333 03030 3030330 003030, 30 00 3030
0303333 03330 ist, 0330 03003 303 00 03033 0303300 000 0 303300 033 0333 0 0 030 30,
300000300333 00330, 30 0 30 330 0333003 00300330, 03 30030030 00 00030. 3030303 333
0303003330 0100. Da 00 0. 38. 3000 3100330 330 030300 03300000 33033003 00030300 33330,
030 30 300330 00 000003 0300 330 00 30 0000 03033303 00 0300, 33330030 030300 003.
(33330300 p. 67..) 0300 031. -111., 75 3003000 30 03001 003033 03003000 3333 0333 000
00330003 30 30 0030. 00 30 10330 3001330 330 630333 303 0330 003 00010300 03 30300.
30330. 03330 00 1330300330 3300300 0333 000 030033, 0 3333 3003 3ἰο 0000003 0003330030
30 30 03033 333 00300 0030033 333333 0033 03 3300000 000 033 vlu„ 27 sq. 003303. 0003
6300303, 30 0303133330 30 33οἰ0330 38300300 330 0300, 3333 00333 30 330 &age 30 0003303
30 03333 3303 0300331 00 0030 03330330 im 00030 03000 303 03 3330 3010 3033000. 0
3333 3003 00 303 0031 0333003300 03030. 30 30 0330030 0033 03 3033033000 0300 031.
” 113, 30 303003, 30 3333300 3000 330 33030 0033300 03330000 0030 00030 00333030 33003

033333 0 3333 0000 im 001000 300000 303 0330 0003οἱ300. 0000 3333 0000 30 03300000
· 333 030300 300000 33033003 3333313 0030330, 0010303030οἰοῑ 303 30 0303300, 30 00033
0033 9333013030. 03 03000 030300 003. 033 3000 003033 3333 0 330 0333300 030οἱ330 030
35303 30303 303 300030 03030303 30 033300 333303 03 303 30 0003333000 330 003 0000
0000, 30, 333 30 &maan 30 00003οἰ0330 &te 000033 30330030, 030 00330333 330 0 0030

03330 0000330 0330 033 03300333 0300303. 030 0300333 030300 033330 0300, 030 30330331
003 03003331 0333313303. 0030 0030303 (ἀσφάλεια) 03 3003030, 110, 84 sq. - 030 030 (22, 6) 3330
0330330 033330. 0 3333 30333330 30003330 033331. 0330 00 0030 0003 00 3300330 03 000,
0300033 330 3333 3ἰο 0333 3303 030000 00 030030 03οἰ0000000 03330330 (03330300
p. 713) 333330 3333 0 3300100333 0000330 003300, 030 030303 030 3333 330 00 030
33030300 0300330 03000 301. 033 ΙΧ., 9 303 3001310 IX„ 22 303 00. 01, 4. 030 3333
003 30003, 30, 0300 03 033 00003 0 003000, 330 3003 30 003030 0033 033 030 0030330
0030, 303 0300 033 3030330 p. 07 330333 00 3333 033300 0330 03 3031030030. 333 xvh, 14
0033303. 330 333 0033303000 330 003030 3333330033 33330333 0ἰο30 3330, 0 00333000 3030333
3030300300 000 3000300 030 3300 03 (3333030030 030030, 0. 0. 1., 14, 03 0 003 im gembbm
lichen 33330 0033 000 00 33330 30300 003 003033 303 00 30300303 [0330. 30 0033 3330330
330 3300, 30 0300003000 03333 000 30 00033 30030 303030 303 03 00 330 303030 333,
000330 333330. 0330 033 03330000 303 0000000, 3003030 000 30 33030 003033 330
33330 303 0330303000, 0300 03 0 303ἰο00 ee 000 30003 003 00300 303 03300333 033 330
03330330 0130 30033000 330 m, 13. 00 300 330 030030 3300003003 (3 11 ist 0300330 3333
3000) 30 003300 30300333, 33 3010030000033303, 0130333330 03 0030003330 30 0033 0303333030
03 030300.

00030 003 3003 3330303300 0 3333 333 00000300 30 0303330330 003333 30 00330 30
033303 300000 0033 30300 00030330 303 0303 33000, 303 03030303 03 303 30 030 030300

 

