28
Β. 111111111111 111 111 1111111111121111111.

1111 1111111 1111 11111111111111 111 1111111111 1111111111 111111 6111111 11111111 11 1111111.
1111111111 1111111111111111111111111111111 1111 6. 1111111111 1. Ξ. 111111 1111 1111111111
1111111. ,1111111 11111111111ῦ11111111111111 111111111111111111 21. 8111111111. 1111111111
θ111111 111 111 111111 (1111111111 111 1111111111111111111111, 1111 111 θ11111111111 mit 1111
11111111 1111 1111 1111111111 11111111 111 111 11111111 111 111 1111111111 111111 111111111111111
1111 6111111111 1111111 11111 111 1111111111 1111 1111 11111 11111111 111 1111111111311111 1111 11111111
111111 111 11111111 111111111111111111111111111111111111, 11 1111111 1118. 3111 111111 111 1111111111
111111 11111111 111111, 1111 1111111111 1111111111 1111111 11, 1111111111 111111111111111 111111 111
11111111111311111 1111 1111 1111111111 1111111111111111111 6. 311111 11111. 1111111111 111 111

(1111111111 61. 1111111111 111 ,1111111 1111 111 1111111111 111 8111111 11111111. ¹
1111111111 111111111111111111 11 111111 1111 11111111111111111111111111 1111111111 1111111111
111111111111111 111 111111111111111 1111111111111111111118111111 1111 26. 311111 1. S. 1111111111
11111111 111 111 &chamennia 11111111111111111811111111111111 11 1111111111 1111 111 11111 111
1111111111111111111 111ῢ11111 111 1111111111 111111 111 111 (111111111111111 1111111111 1111 111

1111111111 1111 1811111 11111111111111111111111111111111111 1111 111 111 1111 611111 11111 1111111 111
11111111 6111111 1111111111 1111 111 6111111111 1111111111 1111111111111111111111 1111111111 111.

W*

c. (1111111111 1111111111.

- 3111111111 111 1111 1111 1111111111112111111111111 61111111 111 11111116111111111 11111 1111
11111 1111111111 11111111111111 1111111111.

1111 1111111111· 1112121111 1111111 1111 71111 11111 111111 111 Θ11111111111 61111111
11111111, 111 (11111111111111111111111111. 1111111111111111111111111111111111 11111
ς111111, ,1111111111 1111 1111111111 11 1111111111 18111111 5111111111 11111111 1111111111115111111,
'l'he great nausa 1111111 1. ein 1111111111 11111111, Ἑπτὰ 1111 8111111 1111111 1. 11111111111111111,
,,111 11111111 111 1111 11111111 111 1111111111 11111 111 1111111111111111111 1111 &chium 111111
111111, Dionysius et Moerum 31111 11111 1111111111 111111, 111111111111111Ἒ1113111111111 la mort
de Philippe 11.; 1111111111 111 1111111111 11111111 in 1111111111 61111111, ,1111111111 111 2111111111
11111 1111 1111111111 111111, Gregorius vll. quomodo firmissima episcoporum Romanorum dominatus
fundamenta jecerit3 81111111 111 11111111 11111111, 1111111111, 11111111 111 11111111111111 111
1111111111111 111111 3111111111, 11111111 11111111111111 11111111 1., 11111 in 1111111111 11111111.
111111111111111111 1111111111 111111111111111 11111 11111111 111 6111111111 111311111111111111.
1111 33111111 1111111 111 1111111111 111 1111111111111111 111111111111111111111111111111 11111
111 1111111.

111111111111111 111111111111111111 11111111 11111 111111 111 111 1111111111 111111
111111111111111111129. 111111. 111 11111111111111111111111 111 111. (11111111 111 1111111111 11111111
1111111111 1111111 1.,111111 1., 111 1. &und 1. 111 1111111111 1. ἴς. 11111111111111 111111) 18111
1111111111111.11.111111.1111111111111111111131111.1111111111111ΙΙΙ.(1.Α.111111111.;
1111111111. 11111111, 11111111 111 111111111ς 111117. 1111111, 1111121111 1111111111
111116111111111111111,1111111,31111111112.;1111161111111.,111111,1111111.
(111111111111111111111 1111 1111111111111112111111111111111111 11 11111111 111 1111111. 11111111),
1111111 1111111111 1111111111 111111. 11111 11131111111111111Ε111111 1111111111 111
111. 11111111111 11111.11.111111112., 6111111, &teta ¹.; 1111111111. 111111 nub
5111111111 1111111111. 11111111,111111111111,1111; 1111111111111,11111111111111

 

