35

———-———·-- ...αι-ιι-ι--ι

’ 11111111118111111111 1111. 811111 4. 11111 111111 811111 811111- 12)ξ1.111
18. (11111111, 11111111 1111111111, 81. 2, 1111. 6. - 13)(1111111118111111 111 11. 111111,
111.- 14) 1111111111 111 8111111111 111 1111) 111 (111111, 161- 1111111111
11115111111111 111 3111111111 1111 111111111111111111111, 11111 1857.

1)111111(11111111111111 81111111 17) 81111111, 811111111111111111 (1111111111
111 11111111 1111111111111111).-18) 11111111 81111111, 1811, 8. 8111, 1. 81. -
19) (11111111, 1111111111 111 1131111111111, 8. 81. ·- 20) 8111 1111111, (1111111111
(11111111, 1. 81. ἔ 233 11111, 1111111111111 11111 11181111111111111111111111111111(1111111111,
111111. 111 111111 1, 1. 1. 12.

Β. 111 111 8111111211111111111111111111 1111111 811111 1111111111

1) 11111111, 31111111111888.- 2) 1111111, 111111111111111 1888. 6811. - 8) 8111
1111, 811 1111 111 111 1111111111 23-28. 1111. - 4) 1111111, 11111111118111111111111111
111 111111 1111111111 11111111 1111111111.) 12-24. 1111. - 5) 11111, 111 (11111111111111
111 11111111 811111. 35-87. 1111. - 6) 111111, 11111111 111111. 121-180. 1111. -
· 7111111111, (8111111111 8111111111. 211111. - 8) 1111111111, (1111111111111111
1111111111111111111111111,111-1111111111111
4. 1. 1. 81. - 12) (11111, 8111111111111111111111111111181111. 4 811. ·- 18) 8111111,
1111111111111 11 1111111111111111111111-13.1111. - 14) 81111111111111111 1111111111.
1111111,1111111111111 11211111 ..11 ..11111 11111111111111
1-10.1111. -· 18) 81111111, 81111111111111 11111 81111111. 1-4. 8111. - 19) (81111111,
(11111111 111 xlx 31111. 8. 81. - 20) 8111111111, 1111111 8111111111. 3. 81. - 21) 8111111,
11111111 111 81111111. 1. 81. - 22) 8111111, 8111111111 1. 11111111 111 (8111111111. -
28) 81111, 11111111811111111. - 24) 1811, 1111111111 111 81111111 111 111111. 3. 1111. -
25) 1111111, 8111111111 811111. 2811. ‹- 26) 81111111,11111111611111111. - 27) 111,
1111111111 1111111111 (11111111 111 1111111111 811111. - 28) 1111111 11111111 11111111
11111111. 8 811. - 29) (8111111111, 111 Ι1111111111. - 30) 111111, 11111111 81111111,
1111119111)811111111111111111111111111”1ἔ11.1ἷ”-“Ῐ“111111.1ῗ
1111111111111111111 1111111111 111 11111111. - 85) 1111111111, 11111111 1111111111. -
86)8111)1111,111 111111-81111111, 111 1111111111 8111111111-111111111 811111111111111.
11111111111111 1111111118’111111ῖῖ 311 8111111111 8111118-ι
41) 11111111, 81111 61111111 11111 111 811111. - 42) (11111, 81111111111111 111 111111
11111. - 43) 1111111, 1118111 111 1111111111111111111. - 44) 11111111, 11111111 8111111111.
- 45) 1111, 111 8111111111 111 1859. - 46) 1111111, 111111 11111 1111111111181111111111
811111. - 47) 211111, (111111 11111 111 81111111. 2 811. ·- 48) 11111111, 1111111111
111111 11111. 5 81111. - 48) 81111111, 111 181111 1. 11111 8111111. - 50) 811111, ’
111111. 2 811. - 51) 1111111, 111 111111 11111111 1111111111111111. 1. 81. - 52) (1111111111,
81111111 8111111. 5. 1111. 3 811. ·- 58) 81111111, 1111111111 1111111 111 111111. - 54) 61111111,
111 1111111111 (111111. - 55) 1111111, 111 1111 1111111. - 86) 1. 11111, 8111111111 1111 111
31111. 5 811111. ·- 57) 81111181, 11181111111 111 wat. 8 811. - 58) 8111111111,
8111111111 111 1111111 3111. 1. 81. - 59) 1111111111, 111111111111111 111 111111
91111111. - 60) 81111. 81111 1111111 1111118111.- 61) 1111111, (81111111 1111111111 11.
111 1111111. 1. 81. - 62) 61111, 111111 8111811111 u. 1111181111. 2811. - 88) 111111,
(1111111111 111 1111111111111111. 1. 81. - 84) 1111111111, 1111111 1811111 111 1111111111.
1. 81. 811111. -,- 65) 81111, 1111111118111111111111. 1.1. 2. 81. - 68) 8111111111,
8111111 11 1111111. 1. 81. ·- 67) 11111111,1111111111111118111111111. -· 68) 81111, 111 8111 111
1111. 2 811. - 68) 81111111, 111 111111 1111811111. - 70) 8111111, 111111 11111. -
71) 1111111, 11111111111811111111. 2 811. - 72) 81111111, 111 111 2111111111 111 11111
Ι 1111111111. - 78) 81111111, 1111111111 1. 811111111111111. - 74) 8111111, 811111 81111.
ἶῂ811.θ- 75) 8Σξ11131, 111 8111111111. - 76) 1111111111, 81111111 1111 &ung 1111 1111.
1111110 1111.

α su 11 1111111111111111111 8111111111 111111111111111111 ’
1) 11111111111111111111111111 81111111 111181111111111811111111111111111111 8111111111
11111111111118111111111, 11111. 1118111111 111211111111,11111. 111 1811111111 1111111
. · 5·

 

