RQ}

' 1

37

1111111 111 111 1111111111611111111111 11111111111111 111111111111111111111111 111 811111
11111 11111111161111111 1111 15011111. 11111111 1111 1161111111 11111111111111 1111 1111111111
11111 111 111111111111, 11 111111 11111111 1111111111 bie 6111111 111 15 11111.
15 &gt 11 61111, 11119 6111111111 111111, 11117 11 1111111111 11111.

13) 111111111111111 11111111 2111111 a) 30111111. 11 1111111111111, 111111 161111.
1111 111 1111111111 &gat 111 111111 311111, 1111 1411111811111111111 111 6111111111
6111 111 1181111111 111 6111111111111111111111111111 111111111111111111111111,
11111111111111111111111111111 11111111. 1111 61111111 111111 11111111 111 1111 111111

¹ C. bei 11111111111111111111111. ·

B. 11161111 111111111111111111 1111 111111 1111111111111111111111 1111111, 111 1111111111
. 11111111 1111111 61111111 1111111 111 1111111, 31411111. 14611. 7111.

Q 3111111111 1111111 1111111111 11111111 93. 611111111111111111111 111111111111 1111111, 6111
1111111111111111 1, 11111111. 1111113, 11111111111118111111111 1, 1111111111111111,
111111111111111111111111, 1811111111 111111 1, 1111111. 1111111 11161111111111,
111111111111111 1, (111111111111111111111 1, 11111111111111111 1. 11111110, 6111111111
11111 1, 1111111111 61111111 1, 6111111111. 111. 61111112, 1111111111 1. 6111111111 3,
61111111111111 1111111111 1, 611111111111111 111111 1, 61111111111111 1111 1,

’ 1111111111111111111. 1111111 1, 11111111 1111111111111 21111 1, 1111111 111111.
’111111 1, 181111111111111 11111111 1, 6111111111111111111111112,.11111111111111111
,11111 1, 1111111111 1111111 2, 1111111111111 111. ,111111 1, 11111111111111111 1, 11111 “
1111111111111111111111 1, 611111111111111111111, Θ111111111111111111111, 11111111
11111111111111,1111111111111111111,1111111 1111111111,611111111111111,
ι61111111111111111 111111111111 1, 81111111 1111111111, 11111111 11111111118111111111
111111111111111, 111111111111111111111 1, 111111111111111111111, 11111111 Dr.
111111ῑί11111,Θ1111116111111111,116111111161111111111111.ῦ11111111,
111111 1111111 1,181111111111111111111111 1, 1111111111111111, 18111111111111111
11111111 1, 111. 11111111, 111111111111111111111,.1111111111111111 1, 11111111
11111111 1, 6111111111111111111114,111111111111111111113, 11111111111111111,
11. 1111111111 11111111 4. -111111111 1111111111 11 11111111 1111111 1111111111111 1161111,
11111111111111111 11111111 11. 111111 1 11111, 11111111 11111, 11111111 111111
1111111111 11 11111111 41111, 11111111 11111 1161111111 41111, 111111 6111111811111,
1111111111111111111. 1111111 4115111, 11111111 3111 111111, 1111111111 1 11111,
1111111111 1111111 1111, 1111111111 1111111 111111, 61111111111111 1111111 1 11111,
111111111111111111 6 11111.,111111111111111111111118 11111, 11111111 61111111 8 115111,
1111111111 6111111 111111, 6111111 1111111111 12111, 1111111111 1111118 11111,
6111111 1111111 411111, 1111111111111 1111111 11111, 1111111111 11111111 1111111 11111111
111 1111111111111115 1111. 311111117211111.

111 1111 11111 1111111 6111111111 11111111 1111111111 111111611111111111 1111111 1111111111
1111111111 Qun! 1111111111ἰ

 

