,μιν

111111 1111111111,11111111111111111111 1111 1111111 1111111111 111111 11111, 11111 111111 1111. 111111
11111111, 111 1111111111 1111 2111111 1111, 11111111 111 1111111111 11111111, 1111111 1111111111 111 111111
11111 11111111, 11 1111111 1111111111 1111111111 11111. - M 11 1111111111111 111111 11111111, 11 11111111
1111111111 111, c. 48 1. Ε, 11 1111111111 11111111 111 11311111111111 1111111111, 111 111111 11111 211111

111 21111 11111111, 111 1111111 11111 111111 111111 111 111 11 111111 γνώσεως ἕνεκα 1111111 1111111111
1111 11111111 1111111111 1111 ,1111111111 111111 111 11111111 11111111 1111111111 1111 1111111,
1111111111 11111111 1111111111111111111111111 111111111111111 11111111111111111111, 1111111111
1111111111 1111111111 11111, 11111111 111 111111 11111111 1111111 1111 1111 111111 11 1111, 111 11111111
1111111111, 21, 38 11111, 111111111111111111111111111111111111111111111111111111111111111),111
1111111111 111 1111111111 1111111111 1111111 111 11111111 111111111111111 111 1111111111 111, 1161111111
1111 111111 11 111 8111111111, 11111111, 11 1111111111, 1111111111 11111 11111181111111111111111111111311
1111111111111111 1111111 1111 111 1111111111 , 11111 111111111111111111111111) 11111 11111 3 11111 cinga
1111111111. 11111111 111111 111111 111111 1111111111, 111 1111111111 11111 111 111111 11111111 111, 111 111111
Qum? focnbat 11111 11 11 1111111111 11111111 111 111111 1111111111 11111. 1111111111 1111211111 1111111
1111111111 1111 111 1111111111111 111111 1111 1111111111 1111111111, 111 1111111111 11111 aud> 111111,
- 1111 1111111111 1111111111 11111, 11111 11 11111 11111111 111111 1111111111 111 1111111ῐί111 11111111111111
1111111111 (111, 1711111 11111111 111111 1111 21, 22 11111 1111111111 111 1111 311111111111111111111
6111111111111111111111111 11111111 111 2111111111 1111 5111111 1111111 1111111 111 11111111111111
1111 1111111. 32 111 211111 111 111111 11 1111111111111, &dmm 1111111111 2111111. ⁴- X„ 1. 3 1111111
11111111, 111 1111111111111111111 11111 1). 1111111111 &cipio 1111 1111 1111111111 1111, 11111111) 1111
111 1111111111 (11111111, 111 111 ,1111111111 1111 111 111111 11111 111111 111 111111111111111111
111 (11τό νέου pamm 111111 παντὸς ἔργου 1111λὸ111 μέχρι 11111111 1111111 1111111 11 1111111111) 111
2111111 11111111161111 111 111 31111111 1111 17 311111 11 111 61111111 111 81111111 1111, 1111 11
111 11111, 11 ς111111, 111111 111 1111111111 11111111 1111111111 111111 11111111 1111 guitum> 11111111 1111.
111111 1111111121, 46 111111 1111111 1111111111, 1111111111 1111 111 11111 1311111 11111 11111111 coelius
1111111 111111, 1111 1116111, 111111 111111111111111111 11111116111111111111, 11 1111111 1111
11 111111111111111111, 11 11111 1111111 111111 11111, 1111 11111 1111111111 1111, 111111 1111111 1111111111
111 111 1113111111 1112111111111 111 2111111 1111 111111 111, 11 111111 111 &ohne 11 1111111.
1111111111 11111 111111, 1111111111, 1111 11 111 1111111111 111111 111111.11111111111111113111111
11111 1111111111 111111111111-1111 11111 1111 1111111111 1111111111 1411115 111 111 111111
111111111111 111 1111 1111111111 111 111131111111111 1). 611111 11 111 11111111111111111111111
111111111111111, 1111 111 11 1111 111 2111111111 1112111111111111 111 1111111111 1111111, 111 11111125, 2,
111 11 1111111111111 111111, 111 11111111 11111111 1111111111 1111111111 1111111, 1111111 11111
11 11111111 2111111111) 11111111111111111. 11111111 11111111 1111111 1118111111111111111, 111
1111, 111 11111111 111111 1111111 - 11111 1111111111111111 11111111111111111111 61111 1111111111
111 1111. Χ, 1011111 111 111. 26, 42. 1111111111 1111111111 111 11111) 11111. 11, 4), 111 111111 11111
1112111 1111111111 11111111 11111 1111111111 1111111111 11111 111 11111 11111111 11111111111811111111111
1111111 111 111111 11111111111111111 1111 1111111 211111 11111 11111, 111111 11111, 111111111111,111
111 quingentos (1 7) 111 3111111111 1112000, 1111 111 passuum 111 3111111111 1111 1000) 11 11
1111111111 11111111 1111111111 11111111 111, 1111 1111 1111111111 1111111, 11 111 1111 1111 1811111 1111
1111111111, 1111 11, 1111 11 111111 1111111111111111111, 111111111111111111111111111111111111
1111 1111111. -1111111, 11111 1111111111 11111111 111111 11 111 1511111, 111 1111111111 1111111111
1111111111 111 1111111111 nod) 111 111111, 11 1111111111 11111111111111, 1111111111, 1111 1111
11 11 111111, 1111111 id) 1111111111111111 11111 111 11111111 1111111111 111 1111111111, 1111111
1111 11111 11111111 1111111111 1111 11111 1. 111. 111 1. 21, 51 611111111111111111 111 61111111, 111
*Dok 111„ 61, 63 11 2111111111 1111111111 1111 [1111 11111 1. 23, 33 111 1111111111, 111 111111 111
6111111111111111 ,111111 11111111 111 2111111111, mit 11111111 111 18111111 11118111111111 11111111

---.-.------.-

·) 8111111111111, 111 111 111111 111 1111111111 111911 1111111111 11 1111111, 1100· 111111·

 

