22

-n-

0111111111- vator· Tema.
(11111111 1111111111. 6111111111 111 611111111111111111111111.

11111111111111111, 1111111 1111111111111111. 2 61. 1111111. ··. 2) 1111111111 11111111
1111 11111111 111 1111111111 1111111111111111111111111111 111111 111 1111111111 1111111111 111
6111111111 11111111111111111111 111111111111111111, 1113111. 1. 2 61 111 1111. 11111111, 1111
6111111111. - 3) 1111111111 Caesaris de bell. Gall. lib. V. vl. Ovidii Metamorph. lib. 1. 111
v. 620 11. lib. 11. v. 1-100, 706-8323 (1111111111 1111 3111111, 111111111 111 (1111111111 111 111
1111111111 11111 111 61111111 111 11111111 1111111111 11111111 111 1111111111 111 1111111111 1111111111
1111 1111111111 11111111 111 1111111111 1111 1111 1111111111, 1111111111111111111 1, 11111111111111.
8 611111111111111 2 61. (ovid.) 1111 6. 11111111, 111 11. 1111111. - 1) 6111111111
(1111111111 1111111111, 1111111111111111 111 11 111 11111111111111 11111111, 111111111ῑί1 1391 111
1. 11111111 111 1111111111, 111 2. 111111116111111111111 1111 1111111ῐί111 1111111111, 11111111 111 111
1. 111 1112.11111111111; 11111, 1111 1111111111 1111111111 111 1111111111 (111111,6111111111111 111
11111111111111111111 11111111. V. cap.5 11. 11111111. vl. 111). 1, 2 111111111101111. lib. Ν.
1111. 310. 8 61 1111111 1111111. - 1) 811111111111 6111111111 1111 111111, 1111111111 11 111
111111111111311111111111, 111111111111111111 11111111 1111111 611111111111111111, 1111 1111111111 11
111 11111111, charles 1111111111. 11111111. 6111111111 1111111111111111 1121111. 1611111111.
8111111, 1111 111111. - 6) (1111111111 111 6111111111 1111111 11111 11111111111111111. 361.
111 Sub. 11111111, 1111 1111111. - 7) 111111111111 111 6. 111111111111111111 111111111111111
11111 111 111 11111 111 11161111111111111111 6111111111 1111 8111111 1111111. 1 1111 111111 1111111.
111. 111. 11111111 1111111 1111111111 1111 111111 1111111111 1111111111, 1111111111 111 11111111111111111,
611111111111111111 (1111111111 1111111. 1-3,111111111111. 1 11111 11111111 u. 1111111. 6. 3 61. 11111111 1. -
8) 111111111111111111, 111 6. 1111111111 1111111111 111 1111111111 1111111111111111 1111111111 111
61111111111111 11111111 1111111111 11111111 1111 1111111311 111 11111111 1111111111 11 111 1111111111
61111111 6111111111. zm 1131111111131111111 111 11111111111111111 1111 1111111 1111111 18111

1111111111 6111111111 111 ,1111111111 111 1111111111 1111 (111111. 1 61 11111111.

Bal-Ma·
111111 11111111 1111111111111111. 11 omnum 111111, 1111111 omnum 11111.

. 1) 111111111111111, 11111111 1111 6111111111 2 61. 11111111.--2)1>111111111111
1111 etnam 1111 61111111 111 11111111 1111 1111111111, 1111 1111111111 1111 111111 1111111111 111 111
6111111111 1111111111 1111111111111 1111111111 11111111 11 3111. 1. 3 61111111. 1111111, 11111
111111. - 3) 1111111111 caesaris 11 bell. Gall. lib. 1. cap. 1-403 6111111111, 11111111111111
111111111111111, 111111611111 111 1111111111 1111 11111111111111111111 111 11111111) 111
81111111 1111 1111111 1111111111 11111111 11 1111111111 111 111111111111 11211. 1. 161. 111 111.
611111, 1111 111111. -· 1) 81111111111 charles xil. lib. VllL 111 11 1111111111111111111111
1111 1111111111 1181111111111 111 111111111111111 111 6111111 1111111111 1111 1111111111 1111111111
111 1111111111 11111111 1111111111. 1 6161111. ·- 1) 61111111 1111111111, 8111111111 111 111

· 11111111111111116111111 11111111, ’1111111111 1111111111 oh XV-XXI. 6111111111 11111111111111111

3. 61. 111111. -61 6111111111 111 (1111111111 111 111 6111111111,11111111 111-11111111.
161111 111. 11111111, 1111111111.-7)11111111111111 1111 6. 11111111111111111111111111,
111 1111111111 111 11111111111111111, 111 611111111111, 111 6111111111 111 1. 1111111 1111 111111
1111111111 (1111111111 1111 1. 11111. 11111111. 1-1, 11, 12. <1111 11. 111 11111111 111 11111111 1111
11111111111111111, 11111111111111 111 61111111 111111111111111111, 6111111111111111 6111111111,
1111111. 1-10. 161. 61111. - 8) 11111111111111111111 1) 1111111, 111 6111111111111
1111 111111111111111111111, 111 1.1111111111111. 26181111. b) 1111111111 1111111, 111 6. notauit:
1111111111111111111111111111111111, 6111111111 111 1111111111 6111111,11111111111111111 611111
1111111111 1111111111111 1111111111 11111111111111111111111161111111111111111. 111 Β. 1111111

 

