,ιι uie 33 33 3333 333 33333 ιιι 33333333 33333

83 333 3333333333, 333 3333 31333133 3ιί33 333 [ciaet 333333 3333333 333 33333ιὶ31 33

[tinet 33333333 33333333 333, 33333 33333333 333 33133133, 333 3333 3333333 33 33333313
333333 3333333333 in 333333, 3333333333, 3113333333, 3333333, &utica 33333333 333 33333333,
33133-3333333333(333333333333333313333333333 3333ι33ι333ι333333333(31333131113433)
vom 31 -40. §uuae mit 3333333333- -333 3333333 333 33333333 333 3333 3333333 3133333 33
333 ,3333 rung 333 3333333 333 storiati) 3333333333.

3133333333 3339133333 333 3333333 3ιί 3ιί33 33 6633333 333 33333, 33333 333 33333
&naba 33 333 4 133333 &tettan (34, 30· ,333 19; 39 523 43, 44) 333 33 333333 nur 333 333333
333313 33 333 in 3ι3 331333 3333 633333 33 33 (30, 4⁵3 3313333333 333 313333 333 33333 3333,
3333 33133 33 [eine ,3333333333 333 3333333333 3333 3333333333 33 33333333 33333 331, 333
3333 in ciaet 3333, 33133 3333333 3331ιὶ3 eine 3333333333 333 333333333333 33333, 333 3133
3333333 3333333 [ein 333333, 3333113333 sollte: ιίιι haudquaquam spernendus auctor iss 33 333 333333
333 333 einen, tin nou incertus auctor quum omnium Romanarum rerumtum praecipue iu Graecia
gestarum 333 333 33333 &tellau

333 333333 3333333333 3333 33333 333333 333 3333333 333 33333 in 3ἰ333ι auerte 33ιί3
3333333 33333333 3333 3333 3333333 de sont. hist. Τ. Livii p. 10 33 3333333333 333, 333 31333
ιιι 19. 33333, 33333 33 333 333333 33 3333333 anagefangen 3333, 313 33333333333133333333
33331333 33333333 33333 33333, fo 1333 33 ihm ἰιι 313333 3333333333 3133 33333333, 333333331ιί33,
mie 13 in 3ιι 3333333333 0333333333 33333333 3333333, 333 3333133 333333 33333333 333 333
3333 333333 333, 3333 333 ι3 mit 33 333 fut 33 333333ιί3 333133, 333 3333, 33333 30333 33 gat
3333 31, ubet 33333 nutum in 333333 ,3333 fid) 3333313333, 33333 333333ῑί33333 3333333333 333
3333333 3133333333331333 313333 3333333333 333 3333, 333 333 33333 33333 333 &eam jener
uanitate 333 3ι3 33333333 ’133333ιᾶ3 333 333 3333333 3333 333 3333333 1333.

--οῂ-

>um 333 333 3333333333 3333333333, bie 3333333 333 3333333 33333333 33333,ι 33333333 33 33333331
3333333333, 33333333 3131333331133333333333, 33333 333133333333, 30. 13) 33333333333333 fut tint 33333
3333333333, 333133ιί3333, 3333 trudat 33333 [outa. 313333333333333333 3333333333, (3133333331,
p. 559) 3333331333 3333 „malphium 3333 3103333 3333313 3333333333 333 nicht 33333333 3333” 33. 33333 1333333
,3113333 da ratione, qun uviu in'lihrin hiantium conscribendis uun ast 33333 Polybiane: (3333333333 1854 p. 7 ul.
3333 3333333333 33 33333 33333 33331333 333 3333333313 tana ιιι.3 ἰ ιιι. ,au ’3 93 ³4 333 3333
in 33313 3 31333ι 33333. ι’. v. p 1810, 333 bun 3333, 13 33 bt 3333 313, 333 331333 0333333, iane 3313333 333 eia 33
3333333333 333 313 3313333 33333333 333333 33 33 3333333333 33333333 333 3313333 3333 33133 3 3333333 333 3333333
uanae 313 333 03333333.

Ι.

 

