29

—-—··--⁴·—---·-0--——--

11111111111111111,11111111111111111111,1.1111111,111111111111.111111192.,
ι111111111611111111 11111.1111111,1111111,61111, (1111111111.111111111111111

111111 1111 6111111111 11111, 11111111 111 1111111111 1111111111111111191111111
11111111111119 111 911 1111111111 1111 11111111 91111111, 111 111111111111111111111111191111111191
1118. 111111 91111111, 1111191 1111111111111111111111111111111 1111111. 31 1111191111 1111111
111611111111 1111111 1111119 111 1111111111 1111 11111111 111 1111111191 91111111. 11111111.
1191111111 11911111 1111 1111 11. 111, 111 1111111111111111 11. 1119111. - 3111611111 111
Θ11111111111111111 11111 11111191 111124.Θ111111111 111 11111111 11111119 1191111111, 11 1111111 111
1111111191 11111111111911111111 11111111. 111 1111111 111911 1111 1111111 1. 111 1111119 111 11111111
11111111, 1113119119 11111 &tine 1111111111 111 11 1111 Θ111111111111111”11111 1. 11111111111111
11111111, Mors 0111111111 111111 11111111111111111,,1111111111111 (111111 1. 1111 111111111111111,
Alexander 11 et 1111111111 1.; 1. gund 111111191111111 (1111111, 1111111111 111111111911111119 1.
111 11111111 11111111, ,111111 11 1111111111 1111111111 1111 1191111111111, Death osNelsom 11111,
1111 111111 111 1111111111, 111 11111111 1111111111111119, 11111 111111111111111111. 11111111
11111119 11111111 911111111 1111111111 11111911. 11111111 1111111911 1111111111 1191111111 11111191 111
6119111111. -11191 111111 11111911 111 6111111111 11111111911111111 (111111 111 1111111111111111.
111 1111111111111111 11111111 1111111111 26. 1111111111113. 13111111. - 1111 11111119 111
11111111 11111911 111 11111111111111111111111119 111111 11111111111111,11191 111111 111 11111119
111 111111111111111. 1111 11111111111111111 11911111 11111111 23. 1111111111 111 1111111 1111
1111 1. 5111111. 111111 111 1111111111111611111 111 1111111111 111 1111111 11111.

Su 1111 111111111191111 1111911111111111111111111. 1111111111 111 11111, 1111111 1111111191
1119111111 1111111111, 111 Dr. 1111191 111 1111111 11111 1111 11111 11111111 1111111, 111111111 111
61111111111111111 1111119 1111 1111119119 111111 1111111111, 11111111 ,11111 1191911111, 111 1111
11111111111111191, 1111 111111111111111111 1111 1111 131111111111 111116111111111111 11111, 11111
1111111 11 Β1111911111 1111919119111111, 111111 111 1. 11111 111 1111111 1117.11111111.1111 11111
11111 1111111111 1111111111, 111 111 1111111111 11 111 6111111111 9111111111 91 1111111111, 1111111
11111 111111 1111119 1111 111111 1111111119 11111111 11111. 11111111, 111111 319119 111 1111911
1111111111, 111111111111111111111111181 21111 9111111111 111 1111 111111 1111111111 11111111 11111,
1111111111 911111111 1111111 111 11111111119111119 1111 111111111111111111118111119 111 519111 9191111111
1111111 11 111111181911111911 111 1111111111 1111111111 &egen 91111111 111, 11 111111 1111191111 11111
111111111111 111111111111111 1111111111111 11111111111111111111111111111111119911119111111.
-311111111111111 1111111111 11911911 111111 1111 111 1111119 1111111111 11161111111111111111
1111111111 13111111 11111111, 9111119 111111191191111111111 1111 1111911 (1111111111 111111
111111111111 91 11111 111 1111111911, 11111111 111 1111111119 1111111 1111111111 9191111111111111111111
11111111 111111; 1111111119 1113111 111 1111111 1111 111 1111161111111 911 (1111111111 1191111111
1111119111111111111111111511111911, 91111119 111 1111111119 111 1111111111, 1113191119
111 1119111111111 91 1111111111 111 111 111111111111 9118111111 111 111111, 11111111 1111111111 11111
11111119 1111111111 11111111 9111111111 1111111111 1111 11111191111111 11 1111111111 1111111111 11111
111 111911 111111 11111 111116111111111 91 1111111111 111 11111111 1191111191111111 11111
111911 1111111 111111, 91111119 111 1111111111 61119111, 111319119111111111111111 9111119111
111111111111111119111111111.- 11117.11111111111111111111 1111 11111111111111 1111111 11 11111111 111,
1111111111111. 111111 11 1118.1111111,111 11111 111111111111111111111 1111111111 1111111 11111111
11111 111 111111811111111911111111111111 1111911111 111 1111111111911111, 1111 1111111111111111111
1111111111 1111111111111111111111919111911, 11111 11111 1111111111 1111111111 11111111. mit 11111111
11 1111 11111 1111111111 111 1111191111111111111111111191111111111111 1119191111111 111111.

111 11111 1111111111 1311111911 111 1111111 111 1111 111111111111111111111 1111111, 111 11111
111 1111911111 11111111. 1111 (1111 111 3191111111 111 11 1111111 31111 1111111911 1111111111111111111
111111 11111111111111911111. 7

 

