20

999999 1.-919 999 9999999. 99999999, 9999999999 99999999, 99999999 9999999999 999 999
999999 999 9999999 999 9999999 9199999999 9999999999. 399. 9999- -6) (999 9 9999

9999 999 9999999 999 99 999 9999999999. 9999999999 99 999999 9999999999 9999 9999999 499·
999999- -9999999999999 99 9. 9999999999 9999999999, 9999999999 9999999999. zm 99.
9999999999 9999999999, 9999999999, 9999999999 999999999999999999999999 9999999999 9999
999, 999 9999999. 9999999999, 99999999 9. 99999999 9999999999 9999999999 999 9999999999 9999
9999999. 599. 999999- 8) 999999999999999 99.99 9999 99999, 999. 9999999999. 9999999999
9999999999 999 1999999999 99999999 fellet 99 9999. 299. 999999- b) 999999, 99 9. 9999999999
9999999999999999999ἰις 9999. 99999999999999. 299. 999999- -9)9199999ι999999999, 99
9. 9999999999. 199. 9999999 99 99. 9999999999 9999999999 bet 9999999999 999 99999 999
9999999999 999 999· 99999 9999999999. 199. 9999999.- 9) 89999999 1999999999 ort “
9999999999 999999 9999 9999999999 9999999999 9999999999 9999999999, 9999999994 999 99999
9999999999 3999999 9999999999 999 9999999 9999999919 99999999 99 99999999 999 99999 999 99999.

’ 299. 9999999.

aymonem-serundo. ·
’999999 9999999919. 9991999199 ier 99999999 mnf. 9999999999.

99999999999999, 999999999999.·9)9999. 299. 999919- 2) )999999991999999

’ 99 9999999999999 99999999999999 991999999999999999999999999999 9999999999 9999999999

999 99999 99999 99999 999 9999999999 9999999999 99999999 9999 99999999999999 99 99 4991. 299.

- 999999- 3) 9999999999. Ciceronis epistolae, 999 999999 4. 99999. 999999. 7, Cio. orot.

pro Archiap 999 Sallustii 9999999999 Virgilii 1199199111-199.9.499.9999999999939999
cop. 3, 803 9999999999 99999 99 999 Scriptis. 999 99999999 memorial 9999999999 99999999 999999.
999999, 9999999999, 9999999999, 999 99 erile 9999999999 99 999999 79999999, 999 3. 43 9999999999.
899. 99999999. 2 99. (virgil) 9999999. - 4) 9999999999 Homeri iliad. lib. les 11. XV.
2. 99. 99 9. 9999999999, 99 99. 99999 9 999999 Lysias, 9999 9999 999 99999999 ,999 9999999999
99999 999 9999999999, 999 99999999999999999 999999 9999999999 999 999999999999 Xenophontis Memorab.
lib. l.3 9999999999, 999 9999999999 9999999999 999 99999, 999 79999999, brt 99999999, bot 9999999
999 9999999 99999 9999999999 999 99999999 ort 9999999999 9999999999 999 9999999999999999 99
1199999999 999 999 9999999. 999. 9999999999. -- 9)·9999999 99 99 99999 999 La Franco
litt. 999 999999 ιι. 99., Μ999989991,99999919999, Rollin, Frodorio li, J. Β. 99999999, L. (9999991,
0999999, 99199999, Delillo; 9999999999, 999999 999 999999, 9999999999 999 99999999 99999999 99
9999999999 999 999 9999999 999 9999999999. 299. 9999. - 6) 99999999 9999, 999 99999999
9. (99. 999 999 99999999999999ς 9999999999 9999999999 99999999999999 99 99999999999999
99999999. 399. 99999999. - 7) 9999999999 99 9. 99999999 99999. 9199999. 1-12, 999999
9999999999, 999999 9999 999999 999 999, 999 999 99999999 99999999, 9999999999 9991999999, 9999999999
99 1. u. 2. 99999, 9999999999999 999 9999 999 999 9999999999. &m 99. ’99999999 999999. 12
999 99 99999 ooo 9999999999 zeton 9999999999, 9999 999 999 99999999 999 99999999 999 9999999999
9999999999 9999999999 9999999999999 bet 9999999999. 4 91. 999999. - 8) 99999999 99 9.
999999, 99 99. 9999999999 999 9999999999. 199. 999999.

· Bou-Secunda.
999999 9999999999. molooniae 999 9999999999 99991199999999

1) 99999999999999, 999999999999999999. 299 999999- menti 9 9999999999 999
9999 999999 999 99999 999 99999999 999999 9999 99999999 999 99999999, 9999999 9999999999,
999999999999999,9999999999999999919999999 9999 999 99999 999 999 note bet 9999999999
9999999999 999999999999999999 9999999999, 99999999999999499. 1. 399. 9999999.-

 

