27

3) ξς) 11))111111116111111. Δ. ,1111111111 11 1111111111111111111111111111111111111
1111 11 1 1
, 1)1)1111Θε11111111111111111111111ῶ111111111111111. 1111111111.1)111111111111111111
1111111 111 111111. 111111 11111.-2)1)111111111111111 111 1111111111 111111 1111111, 111 111111
1811111111. 11111 111111. 11) 11111811 111 1111111111. 9111111111. ·- 3) 11111111 111111 111 111111111
11111111 1111111111 111 1111111111- 4) 11111 111111111111111. (1111111111111.) - 5) 181111
1111111 11, 111 1111111, 1111111 11 11111116 1111111 1111, 1111111111 111111 ··· 6) §baa 11111
311111111111111111111111111111111111. 1111 1511111. ·- ,7) a) 311 11111111 1111 1111 111 111
1111111111 1111 11111111 1) 1111111111 11111111 11111111 111 11111111. - 8) 1) 31 11111111 1111
111, 11 11111 1111 1111 11) 11111111 11 611 &manui 11 111111111111111111111 - 9) a) 311111
611111111 11111 1111111 111 11111111 1111) 1111111 1111 1111111111. ·- 1011111 1111 1111111111
111111111111111111111111111111111111111111111111111111111,111)111111 1111111 1111111
ᾶ111)11ἷ11111)11111111 111 11111 11111 1111111111. 11111Θ1111.-11)11111111111111111111 1111111111.
11 1111 11111.

Β. 11111111 111111 [1111111111 1111111111111111111111111111111, 111 1111 11111. 1111111111

1) 1111111111 Spartanorum principatu narratio. - 2) Graecorum in Asiam expeditiones. (11111111111111.)
- 3)·ζ11111111 quomodo (11111111111111111111. - 4) Bellum :ugurthinum 1111111111 gestum.

' 4) Su 111111ῢ111111. 1111111111 11111 1111111111 11111111, 111 111. 1111111
1) 3111111111 111111111111111 111111 1111111 111 11111111 1111111111- 2)11111111111111111111111111.

- *1)3111111 111 1111111 11111111 1111 1111111111. - 4) 111111 11111111 111111111 111 11111111

. 11111111111111111111111111111111111.)- 1) 11111 11111 &munitum 111 111111 11 111 61111.
(111111 11 11111 111111, 111 111 111111111111.)- 6) 1811111111 611111111111111111111. -
7) 101111111111111 1111111111, 1111111111 11111111111161111111111. - 8) 111111 111 1111111111111
111111 111 1811111111111111. - 9) 111111 111 (11111111 111 111 &egen 11111 111111. - 1ο) sone
111111111111111 1111161111 1111111 11111111111111111. - 11) 11111111111111111111 1111 1111 111111
111111 1111111, 11 1111 111 1111 111116 11111111. (1111 11111111111111 111 1111111111.) - 12) mas
111111111 111 1111111 11111 1111 wamma 1111111111. (31 1111111111.) - 13) 1111111111 1111
11111 111111 11111111.(1111111ι1111111.) - 14) 111111 11118111111111111 1111111111.

· 1) 111 8111111111111111111111. 1111111111111111111111111111,111111..111111111
1) 11111111 1111111111 111 1111111111 - 2) 111111 111 31111111 1111111 11111 Utinm Mb&
1111111111. mac, 111111. 11111. - 3111111111111111111 611 111111 111 111 1111111111. - 1) &Bw
111111 111 1111111111, 111111 111 mouban 111111111111111111 111. - 5) 1111111 111111 1111111
1191111111. - 6) 11161 111111111111 11 11111 11111111, 111 11111 1111111111 11111 111 1111111111. 11111
1111111.11111.- 11111111111111- 8) 111111111111 1111 611 1111111111111111111 1611 1111
11111 1111111111 1111111111 111111 11111111. -· 9) 1111111111 1111111111111111111 11111 1111111111
1111111111 11111 1111111111. 11111 11111. - 161ὒ1111111111 111 111Θ111111111 111111. -
11111111111131111111111111111111111ἱὲ1111111111’ῖ-13111ῒ1111
1111111111 1111111111. - 14) 111111 1111111111 111611111111 1111111.

6) 1111111111111111111111111. 111 1111111111 1111111111 11111111, 111 111. 111
6111 1111111111 11111111 11111111, 11111 111 1111 1111111111 11111111 1111111111
1) a) 11111 11111111 111 1111111111 11111111111111. 1) 11111 1111111 111 111 111111. 1) 1111 11111111
1111 111111 11 1111111 1111111111. - 2) 3111 11 11111. - 3) 1) 1811111111 11111 1111111111.
11)11111 11111111 1111111111, 11111111 1111 11111111 11111111 1111111111 11111 11111, 111111 111 11111.
(111111111111111.) - 4) 1111111Θ1111111111 (1111 1111116). - 5) 1111 ῶ1111111111111111111. -
6) 11111111 (1111111111111111.- 7) 11111111 (1118111111). - 8) 111 1111111111 (1111111111
11 61111111111111 111 18111111). - 9) 1111111111 1111 1111111 11111. - 10) mie 1111111, 1161
61111111111111111 1111111111- 11) 11111111 111111161111111111 111 11111 11111111. 1111
Q 11111. 1.1111.-12)11111111111111 111 1111111111 11 1. 11111. 11. 11111.
7) 31 11111111111. 1111111111 11 1111 1111111111 1111111111, 111 111. 1111 11111111111111
1111111, 1111 1111 (11111111111111 11111111 .
1) sna 1111111111111111. - 2) 11111111111111 - 1) 1111 1111 1111111. - 4) 111111 111111
1111111111 611 61111111 (1111(1111111111.) ·- 1) 1111111111. - 6) 111111 11111111.- 7)ὓ11111111·
*8)181111111111 11111 (1111111111) ῦ1α11.- 9) 11111111 - 16) 1111111111 11 1111
6111111111 ,1111111111 111111 1111 1111111111 - 11) 3111111111111 1111 1111111111 111111 1111111111
61111111 (111 1111111111 1111111). ⁸- 12)111111 61111111111111.- 18) 11111111 111111111111 11
111 111111Θ1111111111. - 11) 111111 11111111.

——Q

4.

 

