19118191 919 91111119 9919999999 9919 999 919 9199119 999 61911919 9111991919 99 9199999
91999911191919919991111.911991119 9911911999919129999199 9119919 9919 991911 911 99111119 (911111
999111. 9199. - 991991999119919 9991919999111191. 9119111111 919 999119 19919 19 91111911
91119 911 919911 91999919, 9911 1911911919 919 11999119119199 911 91199999119919911191919999 919
9191999 8999991991 911 91191191 91119111. 9999119. 199 22. 1111111 1911 1111191 999 9991911199
9919 919 9199199919 &n 1919199919 999119 919 11119119 999 11119119, 99919111199119199119919 11119 911
ῦ11199919119 1119999991199919119111119111119111919 Dr 9199111 19.

1811919 999 bet 911199 911 9919199919 9119 9991119 91919 1911191 911 11911119· 19 911119 999 911 91191
1919 19 991111 99 29 91191 1119199 919 91119 19911 9111919919 9911911919, 999 19. 919199
21. 1199911 999 919 911111 9199191191Θ19919999 Dr. 2111999919 17 9111999911 999 919 91119
19191111 999111991991999 D. 91991199. 6119991191 ,911119 99991111 1199111 1919119111 999 919· 19911111
1919119199 911 19919919, 1199 9111919 11119 99911 99111999 9911 19 91119 9111 119 28 2191119. 9. 9119191
9199919199191191.5199191999191.1819999919911919991111119199,999191119999911911911999,
911191 19 9111199199 91191 919 11191119 919 11991919 9991111919 9199199999 91119 9999199999
9999991999 9911991919 1991919 991, 1111919 ῧ19119111911111191111199 19 11199 19911 9119119191
911911 1119199119 119 99919 91119919.

⁴ 1). ὔ9119119111991119199119999.
1. 91991199 911 9119111992111991911111.
919 999911991919911898. ’

Μζ· fingam Um 1191 91199911· 1111 9999119991991 1898.
,1191 ..1. ,119191 7119119111119177

77171-717171· 17 1771717171 171177

391 191991199191991 1858159.
9999191· 1111 21199999191991 1899.

7’1 7771 717717717117171717171717

unm 9111 99111191 9191919999919199919 1199981 91111 919911191919191 1991911991991111919 99991999191999911
1191991111 1919191991 919 9111111911 191· 111191, 91119 919191 99991199 9191119, 192

b 11. Σῦς(11119911199991911991999919199111199191110999119919119119999911919911999919,
99 1191119 1 911

Δ. 1911911999911 9111999111

1) Doti} muman 91999911, 91911911 999 91911· 9999999919, 299191 9191999111111911
9911111119, 119 61911 919 9991191919 9919999999 91191 8111191111 19 9191911. 19119191 991 9191111
911 19111919 7 9., 99 911 111191 2 9.,1199 19919 z 9·111111119 91111.

- 21 999199 9811911919 (919111, 91911911 99991119191719191119,1999191199919111999,
119 69911 919 9919999919211111191999199. 29111191 1991 91191149 91911111 919 (9111111191 91119 19
9119111, 991911 4} 9 919 9119119 9999111999, 1111911919 911 911991 2 9 9 199119 m> 91991111 999
1191199111· 19 1811119.

 

